27-Jul-16	56.61	56.8	56.11	56.19	3.2327476E7
9-Sep-16	56.79	57.52	56.21	56.21	3.5113936E7
28-Jul-16	56.0	56.37	55.72	56.21	3.7550412E7
14-Sep-16	56.39	56.63	56.03	56.26	2.4274272E7
13-Sep-16	56.5	56.65	56.05	56.53	3.0130212E7
22-Jul-16	56.08	56.63	55.78	56.57	3.2157168E7
1-Aug-16	56.6	56.75	56.14	56.58	2.600342E7
2-Aug-16	56.85	56.9	56.31	56.58	3.512196E7
29-Jul-16	56.26	56.76	56.05	56.68	3.0558718E7
25-Jul-16	56.47	56.74	56.26	56.73	2.5610588E7
26-Jul-16	56.52	57.29	56.51	56.76	2.8078996E7
20-Sep-16	57.35	57.35	56.75	56.81	1.7383982E7
26-Sep-16	57.08	57.14	56.83	56.9	2.168872E7
13-Oct-16	56.7	57.3	56.32	56.92	2.5313748E7
19-Sep-16	57.27	57.75	56.85	56.93	2.0937104E7
3-Aug-16	56.68	57.11	56.49	56.97	2.2075616E7
12-Sep-16	56.0	57.2	55.61	57.05	2.9302962E7
12-Oct-16	57.11	57.27	56.4	57.11	2.2177464E7
11-Oct-16	57.89	58.02	56.89	57.19	2.6497418E7
15-Sep-16	56.15	57.35	55.98	57.19	2.7062614E7
17-Oct-16	57.36	57.46	56.87	57.22	2.3830014E7
4-Oct-16	57.27	57.6	56.97	57.24	2.0085874E7
20-Oct-16	57.5	57.52	56.66	57.25	4.9455612E7
16-Sep-16	57.63	57.63	56.75	57.25	4.4606964E7
4-Aug-16	56.8	57.52	56.67	57.39	2.6587748E7
29-Sep-16	57.81	58.17	57.21	57.4	2.5463536E7
3-Oct-16	57.4	57.55	57.06	57.42	1.9189516E7
14-Oct-16	57.12	57.74	57.12	57.42	2.7402452E7
23-Sep-16	57.87	57.91	57.38	57.43	1.9955336E7
8-Sep-16	57.63	57.79	57.18	57.43	2.0146084E7
16-Aug-16	57.61	57.62	57.27	57.44	2.0523492E7
31-Aug-16	57.65	57.8	57.3	57.46	2.0860268E7
19-Oct-16	57.47	57.84	57.4	57.53	2.2878396E7
17-Aug-16	57.54	57.68	57.23	57.56	1.8856424E7
1-Sep-16	57.01	57.82	57.01	57.59	2.6075364E7
30-Sep-16	57.57	57.77	57.34	57.6	2.9910788E7
18-Aug-16	57.42	57.7	57.27	57.6	1.4214341E7
6-Sep-16	57.78	57.8	57.21	57.61	1.6278416E7
19-Aug-16	57.43	57.73	57.2	57.62	1.7271044E7
5-Oct-16	57.29	57.96	57.26	57.64	1.6726411E7
18-Oct-16	57.53	57.94	57.41	57.66	1.9149538E7
7-Sep-16	57.47	57.84	57.4	57.66	1.749336E7
22-Aug-16	57.6	57.75	57.26	57.67	1.5221922E7
2-Sep-16	57.67	58.19	57.42	57.67	1.8900488E7
6-Oct-16	57.74	57.86	57.28	57.74	1.6212611E7
21-Sep-16	57.51	57.85	57.08	57.76	3.3707272E7
7-Oct-16	57.85	57.98	57.42	57.8	2.008902E7
22-Sep-16	57.92	58.0	57.63	57.82	1.9822204E7
30-Aug-16	57.98	58.19	57.61	57.89	1.6930184E7
23-Aug-16	57.9	58.18	57.85	57.89	1.8732372E7
12-Aug-16	58.03	58.19	57.62	57.94	2.165516E7
27-Sep-16	56.93	58.06	56.68	57.95	2.8065072E7
24-Aug-16	57.8	58.04	57.72	57.95	1.8151506E7
5-Aug-16	57.65	58.21	57.45	57.96	2.933522E7
10-Aug-16	58.16	58.32	57.82	58.02	1.5756913E7
28-Sep-16	57.88	58.06	57.67	58.03	2.05364E7
26-Aug-16	58.28	58.7	57.69	58.03	2.0971202E7
10-Oct-16	57.91	58.39	57.87	58.04	1.8196508E7
8-Aug-16	58.06	58.08	57.78	58.06	1.94735E7
29-Aug-16	58.18	58.6	58.1	58.1	1.6417207E7
14-Nov-16	59.02	59.08	57.28	58.12	4.1328424E7
15-Aug-16	58.01	58.5	57.96	58.12	1.9283902E7
25-Aug-16	57.88	58.29	57.78	58.17	1.855258E7
9-Aug-16	58.17	58.5	58.02	58.2	1.692072E7
11-Aug-16	58.03	58.45	58.03	58.3	1.81623E7
10-Nov-16	60.48	60.49	57.63	58.7	5.7822392E7
4-Nov-16	58.65	59.28	58.52	58.71	2.8697016E7
15-Nov-16	58.33	59.49	58.32	58.87	3.5904128E7
11-Nov-16	58.23	59.12	58.01	59.02	3.8767844E7
1-Dec-16	60.11	60.15	58.94	59.2	3.454212E7
3-Nov-16	59.53	59.64	59.11	59.21	2.1600428E7
2-Dec-16	59.08	59.47	58.8	59.25	2.5515664E7
2-Nov-16	59.82	59.93	59.3	59.43	2.2147004E7
16-Nov-16	58.94	59.66	58.81	59.65	2.7332476E7
21-Oct-16	60.28	60.45	59.48	59.66	8.0032208E7
1-Nov-16	59.97	60.02	59.25	59.8	2.4532986E7
28-Oct-16	60.01	60.52	59.58	59.87	3.3574684E7
31-Oct-16	60.16	60.42	59.92	59.92	2.6434696E7
6-Dec-16	60.43	60.46	59.8	59.95	1.9907036E7
27-Oct-16	60.61	60.83	60.09	60.1	2.8479856E7
9-Nov-16	60.0	60.59	59.2	60.17	4.963248E7
5-Dec-16	59.7	60.58	59.56	60.22	2.3552658E7
30-Nov-16	60.86	61.18	60.22	60.26	3.4655436E7
18-Nov-16	60.78	61.14	60.3	60.35	2.7686312E7
23-Nov-16	61.01	61.1	60.25	60.4	2.1848912E7
7-Nov-16	59.78	60.52	59.78	60.42	3.1664798E7
8-Nov-16	60.55	60.78	60.15	60.47	2.2935356E7
25-Nov-16	60.3	60.53	60.13	60.53	8409616.0
28-Nov-16	60.34	61.02	60.21	60.61	2.073262E7
26-Oct-16	60.81	61.2	60.47	60.63	2.9911608E7
17-Nov-16	60.41	60.95	59.96	60.64	3.1463728E7
21-Nov-16	60.5	60.97	60.42	60.86	1.9652596E7
25-Oct-16	60.85	61.37	60.8	60.99	3.5137164E7
24-Oct-16	59.94	61.0	59.93	61.0	5.4066976E7
8-Dec-16	61.3	61.58	60.84	61.01	2.1220752E7
29-Nov-16	60.65	61.41	60.52	61.09	2.236672E7
22-Nov-16	60.98	61.26	60.8	61.12	2.32067E7
7-Dec-16	60.01	61.38	59.8	61.37	3.0808968E7
9-Dec-16	61.18	61.99	61.12	61.97	2.7349356E7
30-Dec-16	62.96	62.99	62.03	62.14	2.5579908E7
12-Dec-16	61.82	62.3	61.72	62.17	2.019808E7
4-Jan-17	62.48	62.75	62.12	62.3	2.1339968E7
19-Jan-17	62.24	62.98	62.2	62.3	1.8451656E7
16-Dec-16	62.95	62.95	62.12	62.3	4.2453084E7
5-Jan-17	62.19	62.66	62.03	62.3	2.4875968E7
18-Jan-17	62.67	62.7	62.12	62.5	1.9670102E7
17-Jan-17	62.68	62.7	62.03	62.53	2.0663984E7
3-Jan-17	62.79	62.84	62.12	62.58	2.06941E7
15-Dec-16	62.7	63.15	62.3	62.58	2.7669868E7
12-Jan-17	63.06	63.4	61.95	62.61	2.0968224E7
10-Jan-17	62.73	63.07	62.28	62.62	1.8593004E7
9-Jan-17	62.76	63.08	62.54	62.64	2.038273E7
14-Dec-16	63.0	63.45	62.53	62.68	3.0352654E7
13-Jan-17	62.62	62.86	62.35	62.7	1.942231E7
20-Jan-17	62.67	62.82	62.37	62.74	3.0213462E7
6-Jan-17	62.3	63.15	62.04	62.84	1.992292E7
29-Dec-16	62.86	63.2	62.73	62.9	1.0250582E7
23-Jan-17	62.7	63.12	62.57	62.96	2.309758E7
13-Dec-16	62.5	63.42	62.24	62.98	3.5718868E7
28-Dec-16	63.4	63.4	62.83	62.99	1.4653348E7
2-Feb-17	63.25	63.41	62.75	63.17	4.5827012E7
11-Jan-17	62.61	63.23	62.43	63.19	2.1517336E7
23-Dec-16	63.45	63.54	62.8	63.24	1.2403819E7
27-Dec-16	63.21	64.07	63.21	63.28	1.1763173E7
8-Feb-17	63.57	63.81	63.22	63.34	1.8096358E7
7-Feb-17	63.74	63.78	63.23	63.43	2.0277226E7
