20-Jul-17	74.18	74.3	73.28	74.22	4.2361024E7
19-Jul-17	73.5	74.04	73.45	73.86	2.2416222E7
18-Jul-17	73.09	73.39	72.66	73.3	2.6435296E7
17-Jul-17	72.8	73.45	72.72	73.35	2.1803908E7
7-Jun-17	72.64	72.77	71.95	72.39	2.2301764E7
8-Jun-17	72.51	72.52	71.5	71.95	2.458827E7
6-Jun-17	72.3	72.62	72.27	72.52	3.1511064E7
14-Jul-17	72.24	73.27	71.96	72.78	2.5868086E7
9-Jun-17	72.04	72.08	68.59	70.32	4.9187396E7
5-Jun-17	71.97	72.89	71.81	72.28	3.331676E7
13-Jul-17	71.5	72.04	71.31	71.77	2.0269816E7
26-Jun-17	71.4	71.71	70.44	70.53	1.9606974E7
14-Jun-17	70.91	71.1	69.43	70.27	2.5510684E7
20-Jun-17	70.82	70.87	69.87	69.91	2.1512232E7
12-Jul-17	70.69	71.28	70.55	71.15	1.7750924E7
22-Jun-17	70.54	70.59	69.71	70.26	2.2965738E7
31-May-17	70.53	70.74	69.81	69.84	3.0436364E7
