20-Jul-17	74.18	74.3	73.28	74.22	4.2361024E7
19-Jul-17	73.5	74.04	73.45	73.86	2.2416222E7
18-Jul-17	73.09	73.39	72.66	73.3	2.6435296E7
17-Jul-17	72.8	73.45	72.72	73.35	2.1803908E7
14-Jul-17	72.24	73.27	71.96	72.78	2.5868086E7
13-Jul-17	71.5	72.04	71.31	71.77	2.0269816E7
12-Jul-17	70.69	71.28	70.55	71.15	1.7750924E7
11-Jul-17	70.11	70.68	69.75	69.99	1.7460022E7
10-Jul-17	69.46	70.25	69.2	69.98	1.5014503E7
7-Jul-17	68.7	69.84	68.7	69.46	1.6878316E7
6-Jul-17	68.27	68.78	68.12	68.57	2.1117572E7
5-Jul-17	68.26	69.44	68.22	69.08	2.1176272E7
3-Jul-17	69.33	69.6	68.02	68.17	1.6165538E7
30-Jun-17	68.78	69.38	68.74	68.93	2.4161068E7
29-Jun-17	69.38	69.49	68.09	68.49	2.8918716E7
28-Jun-17	69.21	69.84	68.79	69.8	2.58062E7
27-Jun-17	70.11	70.18	69.18	69.21	2.5215128E7
26-Jun-17	71.4	71.71	70.44	70.53	1.9606974E7
23-Jun-17	70.09	71.25	69.92	71.21	2.7617292E7
22-Jun-17	70.54	70.59	69.71	70.26	2.2965738E7
21-Jun-17	70.21	70.62	69.94	70.27	1.9891052E7
20-Jun-17	70.82	70.87	69.87	69.91	2.1512232E7
19-Jun-17	70.5	70.94	70.35	70.87	2.3798268E7
16-Jun-17	69.73	70.03	69.22	70.0	4.8345084E7
15-Jun-17	69.27	70.21	68.8	69.9	2.6068708E7
14-Jun-17	70.91	71.1	69.43	70.27	2.5510684E7
13-Jun-17	70.02	70.82	69.96	70.65	2.5258614E7
12-Jun-17	69.25	69.94	68.13	69.78	4.7761744E7
9-Jun-17	72.04	72.08	68.59	70.32	4.9187396E7
8-Jun-17	72.51	72.52	71.5	71.95	2.458827E7
7-Jun-17	72.64	72.77	71.95	72.39	2.2301764E7
6-Jun-17	72.3	72.62	72.27	72.52	3.1511064E7
5-Jun-17	71.97	72.89	71.81	72.28	3.331676E7
2-Jun-17	70.44	71.86	70.24	71.76	3.477026E7
1-Jun-17	70.24	70.61	69.45	70.1	2.16036E7
